165	16	256
133	-1	-1	-1	-1	-1	-1	-1	-1	-1	-1	-1	-1	-1	-1	4	-1	-1	-1	-1	-1	-1	-1	55	-1	-1	-1	-1	-1	250	-1	-1	-1	-1	-1	73	133	2	-1	208	184	-1	-1	-1	-1	-1	-1	-1	169	-1	-1	-1	-1	-1	10	-1	-1	-1	-1	-1	180	0	0	-1	148	254	-1	-1	-1	-1	-1	-1	-1	174	-1	-1	-1	-1	-1	201	-1	-1	-1	-1	-1	36	127	217	-1	122	185	-1	-1	-1	-1	-1	-1	-1	10	-1	-1	-1	-1	-1	157	-1	-1	-1	-1	-1	65	103	50	-1	204	252	-1	-1	-1	-1	-1	-1	-1	0	-1	-1	-1	-1	-1	86	-1	-1	-1	-1	-1	223	134	249	-1	219	51	-1	-1	-1	-1	-1	-1	-1	35	-1	-1	-1	-1	-1	158	-1	-1	-1	-1	-1	185	114	30	-1	198	
57	78	-1	-1	-1	-1	-1	-1	-1	-1	-1	-1	-1	-1	-1	-1	-1	176	-1	-1	-1	-1	212	-1	-1	-1	-1	253	-1	-1	-1	-1	118	-1	-1	0	-1	0	1	-1	-1	-1	194	-1	-1	-1	-1	57	-1	-1	-1	-1	12	-1	-1	-1	-1	95	-1	-1	177	-1	1	140	-1	-1	-1	152	-1	-1	-1	-1	22	-1	-1	-1	-1	0	-1	-1	-1	-1	10	-1	-1	18	-1	14	0	-1	-1	-1	175	-1	-1	-1	-1	30	-1	-1	-1	-1	53	-1	-1	-1	-1	181	-1	-1	23	-1	189	0	-1	-1	-1	8	-1	-1	-1	-1	95	-1	-1	-1	-1	98	-1	-1	-1	-1	240	-1	-1	119	-1	128	249	-1	-1	-1	134	-1	-1	-1	-1	231	-1	-1	-1	-1	219	-1	-1	-1	-1	39	-1	-1	121	-1	0	21	-1	
-1	212	168	-1	-1	-1	-1	-1	-1	-1	-1	-1	-1	-1	-1	-1	-1	-1	232	-1	36	-1	-1	-1	-1	231	-1	-1	-1	-1	-1	232	-1	-1	-1	-1	0	170	0	-1	-1	-1	-1	249	-1	30	-1	-1	-1	-1	130	-1	-1	-1	-1	-1	0	-1	-1	-1	-1	3	5	153	-1	-1	-1	-1	228	-1	152	-1	-1	-1	-1	176	-1	-1	-1	-1	-1	0	-1	-1	-1	-1	183	3	7	-1	-1	-1	-1	63	-1	250	-1	-1	-1	-1	198	-1	-1	-1	-1	-1	90	-1	-1	-1	-1	6	1	0	-1	-1	-1	-1	10	-1	123	-1	-1	-1	-1	112	-1	-1	-1	-1	-1	104	-1	-1	-1	-1	234	87	1	-1	-1	-1	-1	169	-1	196	-1	-1	-1	-1	50	-1	-1	-1	-1	-1	24	-1	-1	-1	-1	4	195	154	-1	
-1	-1	236	38	-1	-1	-1	-1	-1	-1	-1	-1	-1	-1	-1	-1	-1	-1	-1	-1	-1	-1	-1	-1	-1	-1	-1	-1	217	-1	-1	-1	205	-1	55	-1	1	2	207	193	-1	-1	-1	-1	-1	-1	-1	-1	-1	-1	-1	-1	-1	203	-1	-1	-1	250	-1	185	-1	2	30	1	84	-1	-1	-1	-1	-1	-1	-1	-1	-1	-1	-1	-1	-1	137	-1	-1	-1	236	-1	171	-1	0	59	218	22	-1	-1	-1	-1	-1	-1	-1	-1	-1	-1	-1	-1	-1	76	-1	-1	-1	92	-1	192	-1	199	73	112	163	-1	-1	-1	-1	-1	-1	-1	-1	-1	-1	-1	-1	-1	5	-1	-1	-1	30	-1	134	-1	228	250	91	189	-1	-1	-1	-1	-1	-1	-1	-1	-1	-1	-1	-1	-1	182	-1	-1	-1	90	-1	244	-1	7	213	69	151	
-1	-1	-1	45	118	-1	-1	-1	-1	-1	-1	-1	-1	-1	-1	-1	0	-1	-1	-1	-1	-1	-1	-1	61	-1	20	-1	-1	-1	-1	-1	-1	-1	-1	121	126	1	0	-1	-1	230	-1	-1	-1	-1	-1	-1	-1	179	-1	1	-1	-1	-1	-1	-1	-1	-1	-1	147	0	205	4	-1	-1	98	-1	-1	-1	-1	-1	-1	-1	50	-1	42	-1	-1	-1	-1	-1	-1	-1	-1	55	2	91	48	-1	-1	234	-1	-1	-1	-1	-1	-1	-1	127	-1	39	-1	-1	-1	-1	-1	-1	-1	-1	235	152	18	211	-1	-1	247	-1	-1	-1	-1	-1	-1	-1	129	-1	111	-1	-1	-1	-1	-1	-1	-1	-1	182	161	207	228	-1	-1	116	-1	-1	-1	-1	-1	-1	-1	73	-1	110	-1	-1	-1	-1	-1	-1	-1	-1	128	117	11	30	-1	
-1	-1	-1	-1	211	149	-1	-1	-1	-1	-1	-1	-1	-1	-1	-1	-1	158	-1	-1	-1	-1	-1	199	-1	-1	-1	-1	-1	-1	-1	245	-1	-1	29	-1	123	12	202	-1	-1	-1	243	-1	-1	-1	-1	-1	66	-1	-1	-1	-1	-1	-1	-1	34	-1	-1	131	-1	13	90	227	-1	-1	-1	104	-1	-1	-1	-1	-1	43	-1	-1	-1	-1	-1	-1	-1	216	-1	-1	30	-1	213	198	1	-1	-1	-1	50	-1	-1	-1	-1	-1	131	-1	-1	-1	-1	-1	-1	-1	67	-1	-1	213	-1	5	3	109	-1	-1	-1	100	-1	-1	-1	-1	-1	75	-1	-1	-1	-1	-1	-1	-1	163	-1	-1	34	-1	1	125	49	-1	-1	-1	76	-1	-1	-1	-1	-1	64	-1	-1	-1	-1	-1	-1	-1	198	-1	-1	131	-1	20	250	173	-1	
-1	-1	-1	-1	-1	211	82	-1	-1	-1	-1	-1	-1	-1	-1	-1	240	-1	-1	-1	-1	252	-1	-1	-1	-1	-1	-1	147	-1	71	-1	-1	-1	-1	-1	176	23	106	-1	-1	142	-1	-1	-1	-1	189	-1	-1	-1	-1	-1	-1	141	-1	121	-1	-1	-1	-1	-1	0	1	237	-1	-1	226	-1	-1	-1	-1	184	-1	-1	-1	-1	-1	-1	7	-1	219	-1	-1	-1	-1	-1	4	166	191	-1	-1	98	-1	-1	-1	-1	31	-1	-1	-1	-1	-1	-1	168	-1	193	-1	-1	-1	-1	-1	140	86	38	-1	-1	30	-1	-1	-1	-1	48	-1	-1	-1	-1	-1	-1	119	-1	220	-1	-1	-1	-1	-1	242	12	1	-1	-1	141	-1	-1	-1	-1	71	-1	-1	-1	-1	-1	-1	19	-1	51	-1	-1	-1	-1	-1	246	54	8	-1	
-1	-1	-1	-1	-1	-1	76	2	-1	-1	-1	-1	-1	-1	-1	79	-1	-1	-1	-1	-1	-1	76	-1	-1	18	-1	-1	-1	-1	-1	-1	-1	-1	60	-1	0	245	19	-1	137	-1	-1	-1	-1	-1	-1	160	-1	-1	31	-1	-1	-1	-1	-1	-1	-1	-1	198	-1	0	69	135	-1	204	-1	-1	-1	-1	-1	-1	0	-1	-1	119	-1	-1	-1	-1	-1	-1	-1	-1	86	-1	6	149	11	-1	58	-1	-1	-1	-1	-1	-1	134	-1	-1	1	-1	-1	-1	-1	-1	-1	-1	-1	101	-1	187	58	231	-1	88	-1	-1	-1	-1	-1	-1	205	-1	-1	134	-1	-1	-1	-1	-1	-1	-1	-1	192	-1	206	161	161	-1	227	-1	-1	-1	-1	-1	-1	74	-1	-1	193	-1	-1	-1	-1	-1	-1	-1	-1	196	-1	52	108	92	-1	
-1	-1	-1	-1	-1	-1	-1	47	130	-1	-1	-1	-1	-1	-1	-1	-1	-1	22	-1	-1	-1	-1	-1	222	-1	-1	-1	108	-1	-1	-1	-1	189	-1	-1	1	196	215	-1	-1	-1	-1	99	-1	-1	-1	-1	-1	98	-1	-1	-1	175	-1	-1	-1	-1	94	-1	-1	0	3	183	-1	-1	-1	-1	134	-1	-1	-1	-1	-1	71	-1	-1	-1	105	-1	-1	-1	-1	1	-1	-1	174	244	45	-1	-1	-1	-1	148	-1	-1	-1	-1	-1	152	-1	-1	-1	147	-1	-1	-1	-1	123	-1	-1	104	37	5	-1	-1	-1	-1	235	-1	-1	-1	-1	-1	192	-1	-1	-1	96	-1	-1	-1	-1	210	-1	-1	122	186	4	-1	-1	-1	-1	18	-1	-1	-1	-1	-1	232	-1	-1	-1	37	-1	-1	-1	-1	165	-1	-1	48	94	146	-1	
-1	-1	-1	-1	-1	-1	-1	-1	42	116	-1	-1	-1	-1	-1	-1	84	-1	-1	-1	-1	-1	-1	174	-1	-1	-1	31	-1	-1	-1	-1	-1	-1	0	-1	3	207	77	-1	-1	5	-1	-1	-1	-1	-1	-1	53	-1	-1	-1	204	-1	-1	-1	-1	-1	-1	254	-1	1	0	18	-1	-1	191	-1	-1	-1	-1	-1	-1	125	-1	-1	-1	229	-1	-1	-1	-1	-1	-1	244	-1	99	237	186	-1	-1	67	-1	-1	-1	-1	-1	-1	75	-1	-1	-1	249	-1	-1	-1	-1	-1	-1	143	-1	31	229	227	-1	-1	232	-1	-1	-1	-1	-1	-1	12	-1	-1	-1	115	-1	-1	-1	-1	-1	-1	119	-1	182	73	14	-1	-1	248	-1	-1	-1	-1	-1	-1	123	-1	-1	-1	93	-1	-1	-1	-1	-1	-1	234	-1	91	174	242	-1	
-1	-1	-1	-1	-1	-1	-1	-1	-1	219	179	-1	-1	-1	-1	-1	-1	-1	-1	97	-1	230	-1	-1	-1	24	-1	-1	-1	-1	-1	-1	-1	237	-1	33	160	-1	64	-1	-1	-1	-1	-1	189	-1	30	-1	-1	-1	160	-1	-1	-1	-1	-1	-1	-1	154	-1	216	1	-1	90	-1	-1	-1	-1	-1	161	-1	100	-1	-1	-1	72	-1	-1	-1	-1	-1	-1	-1	69	-1	192	1	-1	191	-1	-1	-1	-1	-1	47	-1	90	-1	-1	-1	25	-1	-1	-1	-1	-1	-1	-1	12	-1	211	13	-1	1	-1	-1	-1	-1	-1	96	-1	173	-1	-1	-1	56	-1	-1	-1	-1	-1	-1	-1	242	-1	167	13	-1	186	-1	-1	-1	-1	-1	195	-1	104	-1	-1	-1	107	-1	-1	-1	-1	-1	-1	-1	253	-1	41	237	-1	250	-1	
-1	-1	-1	-1	-1	-1	-1	-1	-1	-1	52	24	-1	-1	-1	-1	-1	-1	-1	-1	165	-1	-1	-1	-1	-1	-1	127	-1	-1	224	-1	-1	-1	-1	-1	155	4	100	153	-1	-1	-1	-1	-1	125	-1	-1	-1	-1	-1	-1	54	-1	-1	8	-1	-1	-1	-1	-1	11	73	172	90	-1	-1	-1	-1	-1	63	-1	-1	-1	-1	-1	-1	118	-1	-1	19	-1	-1	-1	-1	-1	166	28	219	47	-1	-1	-1	-1	-1	175	-1	-1	-1	-1	-1	-1	45	-1	-1	105	-1	-1	-1	-1	-1	130	253	164	24	-1	-1	-1	-1	-1	113	-1	-1	-1	-1	-1	-1	120	-1	-1	159	-1	-1	-1	-1	-1	1	163	54	171	-1	-1	-1	-1	-1	112	-1	-1	-1	-1	-1	-1	170	-1	-1	146	-1	-1	-1	-1	-1	134	81	229	126	
-1	-1	-1	-1	-1	-1	-1	-1	-1	-1	-1	42	114	-1	-1	164	-1	-1	-1	-1	-1	26	-1	-1	-1	-1	6	-1	-1	-1	-1	-1	11	-1	-1	-1	142	133	0	-1	86	-1	-1	-1	-1	-1	64	-1	-1	-1	-1	242	-1	-1	-1	-1	-1	247	-1	-1	-1	69	55	5	-1	60	-1	-1	-1	-1	-1	116	-1	-1	-1	-1	240	-1	-1	-1	-1	-1	67	-1	-1	-1	101	93	77	-1	38	-1	-1	-1	-1	-1	9	-1	-1	-1	-1	203	-1	-1	-1	-1	-1	59	-1	-1	-1	246	16	145	-1	146	-1	-1	-1	-1	-1	55	-1	-1	-1	-1	189	-1	-1	-1	-1	-1	123	-1	-1	-1	61	1	237	-1	133	-1	-1	-1	-1	-1	154	-1	-1	-1	-1	241	-1	-1	-1	-1	-1	153	-1	-1	-1	75	35	1	-1	
-1	-1	-1	-1	-1	-1	-1	-1	-1	-1	-1	-1	162	193	-1	-1	-1	79	-1	-1	25	-1	-1	-1	-1	-1	-1	-1	-1	206	-1	-1	-1	36	-1	-1	179	130	3	-1	-1	-1	48	-1	-1	109	-1	-1	-1	-1	-1	-1	-1	-1	0	-1	-1	-1	2	-1	-1	148	194	185	-1	-1	-1	190	-1	-1	163	-1	-1	-1	-1	-1	-1	-1	-1	6	-1	-1	-1	219	-1	-1	207	76	188	-1	-1	-1	226	-1	-1	121	-1	-1	-1	-1	-1	-1	-1	-1	76	-1	-1	-1	255	-1	-1	146	67	162	-1	-1	-1	33	-1	-1	2	-1	-1	-1	-1	-1	-1	-1	-1	182	-1	-1	-1	67	-1	-1	145	242	97	-1	-1	-1	16	-1	-1	2	-1	-1	-1	-1	-1	-1	-1	-1	94	-1	-1	-1	32	-1	-1	5	201	84	-1	
-1	-1	-1	-1	-1	-1	-1	-1	-1	-1	-1	-1	-1	158	179	-1	-1	-1	-1	135	-1	-1	2	-1	-1	-1	25	-1	-1	-1	-1	240	-1	-1	-1	-1	9	19	101	-1	-1	-1	-1	-1	205	-1	-1	108	-1	-1	-1	60	-1	-1	-1	-1	52	-1	-1	-1	-1	200	133	4	-1	-1	-1	-1	-1	148	-1	-1	67	-1	-1	-1	128	-1	-1	-1	-1	30	-1	-1	-1	-1	185	53	198	-1	-1	-1	-1	-1	51	-1	-1	253	-1	-1	-1	32	-1	-1	-1	-1	37	-1	-1	-1	-1	255	37	67	-1	-1	-1	-1	-1	43	-1	-1	224	-1	-1	-1	230	-1	-1	-1	-1	16	-1	-1	-1	-1	210	250	168	-1	-1	-1	-1	-1	224	-1	-1	99	-1	-1	-1	135	-1	-1	-1	-1	137	-1	-1	-1	-1	230	148	109	-1	
-1	-1	-1	-1	-1	-1	-1	-1	-1	-1	-1	-1	-1	-1	165	-1	-1	-1	97	243	-1	-1	-1	-1	22	-1	-1	-1	-1	149	22	-1	-1	-1	-1	-1	136	124	53	-1	-1	-1	-1	254	182	-1	-1	-1	-1	131	-1	-1	-1	-1	170	60	-1	-1	-1	-1	-1	99	140	164	-1	-1	-1	-1	81	89	-1	-1	-1	-1	71	-1	-1	-1	-1	225	147	-1	-1	-1	-1	-1	235	200	243	-1	-1	-1	-1	220	219	-1	-1	-1	-1	222	-1	-1	-1	-1	66	127	-1	-1	-1	-1	-1	123	160	84	-1	-1	-1	-1	128	19	-1	-1	-1	-1	72	-1	-1	-1	-1	76	4	-1	-1	-1	-1	-1	131	69	177	-1	-1	-1	-1	6	41	-1	-1	-1	-1	139	-1	-1	-1	-1	113	76	-1	-1	-1	-1	-1	5	46	38	-1	

32	16	14
40	16	8
50	16	8
72	16	6
127	16	6
165	16	6
